%YAML:1.0

#--------------------------------------------------------------------------------------------
# Camera Parameters. Adjust them!
#--------------------------------------------------------------------------------------------

# Camera calibration and distortion parameters (OpenCV) 
Camera.fx: 5.3669978725482201e+002 # 435.2046959714599
Camera.fy: 5.3669978725482201e+002 # 435.2046959714599
Camera.cx: 6.5326594543457031e+002 # 367.4517211914062
Camera.cy: 3.7555567169189453e+002 # 252.2008514404297

Camera.k1:  0.0
Camera.k2:  0.0
Camera.p1:  0.0
Camera.p2:  0.0

Camera.width: 1280 # 752
Camera.height: 720 # 480

# Camera frames per second 
Camera.fps: 20.0 # 30.0 # 20.0

# stereo baseline times fx
Camera.bf: 6.3699332993436867e+001 # 47.90639384423901

# Color order of the images (0: BGR, 1: RGB. It is ignored if images are grayscale)
Camera.RGB: 1

# Close/Far threshold. Baseline times.
ThDepth: 35 #50.0 # 35

#--------------------------------------------------------------------------------------------
# Stereo Rectification. Only if you need to pre-rectify the images.
# Camera.fx, .fy, etc must be the same as in LEFT.P
#--------------------------------------------------------------------------------------------
LEFT.height: 30 # 480
LEFT.width: 175 # 752
LEFT.D: !!opencv-matrix
   rows: 5 #1
   cols: 1 #5
   dt: d
   data: [-8.9435569417480112e-002, 1.2531383018470366e-001, -2.6446561802264661e-003, 1.3272887344579784e-003, -7.2634389899832133e-002] #[-0.28340811, 0.07395907, 0.00019359, 1.76187114e-05, 0.0]
LEFT.K: !!opencv-matrix
   rows: 3 #3
   cols: 3 #3
   dt: d
   data: [5.3803390391548510e+002, 0.0, 6.4666933427749234e+002, 0.0, 5.3593691067779991e+002, 3.6413611464857354e+002, 0.0, 0.0, 1.0] #[458.654, 0.0, 367.215, 0.0, 457.296, 248.375, 0.0, 0.0, 1.0]
LEFT.R:  !!opencv-matrix
   rows: 3 #3
   cols: 3 #3
   dt: d
   data: [9.9996792789546929e-001, 2.8931520034005684e-003, 7.4681223829481886e-003, -2.8272515964576027e-003, 9.9995710838746876e-001, -8.8197524785309390e-003, -7.4933189476893616e-003, 8.7983553495777824e-003, 9.9993321732718277e-001] #[0.999966347530033, -0.001422739138722922, 0.008079580483432283, 0.001365741834644127, 0.9999741760894847, 0.007055629199258132, -0.008089410156878961, -0.007044357138835809, 0.9999424675829176]
LEFT.P:  !!opencv-matrix
   rows: 3
   cols: 4
   dt: d
   data: [5.3669978725482201e+002, 0., 6.5326594543457031e+002, 0., 0.,
       5.3669978725482201e+002, 3.7555567169189453e+002, 0., 0., 0., 1.,
       0. ] #[435.2046959714599, 0, 367.4517211914062, 0,  0, 435.2046959714599, 252.2008514404297, 0,  0, 0, 1, 0]

RIGHT.height: 30 #480
RIGHT.width: 175 #752
RIGHT.D: !!opencv-matrix
   rows: 5 #1
   cols: 1 #5
   dt: d
   data: [-8.4125719736650742e-002, 1.1356881638242021e-001,
       1.4017815385443610e-003, 1.2858753093670371e-003,
       -6.2623661520570320e-002] #[-0.28368365, 0.07451284, -0.00010473, -3.555907e-05, 0.0]
RIGHT.K: !!opencv-matrix
   rows: 3
   cols: 3
   dt: d
   data: [5.3986097754672096e+002, 0., 6.3982185663109817e+002, 0.,
       5.3746266383184422e+002, 3.7634582023078411e+002, 0., 0., 1.] #[457.587, 0.0, 379.999, 0.0, 456.134, 255.238, 0.0, 0.0, 1]
RIGHT.R:  !!opencv-matrix
   rows: 3
   cols: 3
   dt: d
   data: [9.9996880423762591e-001, 2.2260106074974920e-003,
       -7.5786165193771687e-003, -2.1591637693537304e-003,
       9.9995879630303841e-001, 8.8172392502352467e-003,
       7.5979315204585838e-003, -8.8006007155243347e-003,
       9.9993240814749895e-001] #[0.9999633526194376, -0.003625811871560086, 0.007755443660172947, 0.003680398547259526, 0.9999684752771629, -0.007035845251224894, -0.007729688520722713, 0.007064130529506649, 0.999945173484644]
RIGHT.P:  !!opencv-matrix
   rows: 3
   cols: 4
   dt: d
   data: [5.3669978725482201e+002, 0., 6.5326594543457031e+002,
       -6.3699332993436867e+001, 0., 5.3669978725482201e+002,
       3.7555567169189453e+002, 0., 0., 0., 1., 0.] #[435.2046959714599, 0, 367.4517211914062, -47.90639384423901, 0, 435.2046959714599, 252.2008514404297, 0, 0, 0, 1, 0]

#--------------------------------------------------------------------------------------------
# ORB Parameters
#--------------------------------------------------------------------------------------------

# ORB Extractor: Number of features per image
ORBextractor.nFeatures: 1200

# ORB Extractor: Scale factor between levels in the scale pyramid 	
ORBextractor.scaleFactor: 1.2

# ORB Extractor: Number of levels in the scale pyramid	
ORBextractor.nLevels: 8

# ORB Extractor: Fast threshold
# Image is divided in a grid. At each cell FAST are extracted imposing a minimum response.
# Firstly we impose iniThFAST. If no corners are detected we impose a lower value minThFAST
# You can lower these values if your images have low contrast			
ORBextractor.iniThFAST: 20
ORBextractor.minThFAST: 7

#--------------------------------------------------------------------------------------------
# Viewer Parameters
#--------------------------------------------------------------------------------------------
Viewer.KeyFrameSize: 0.05
Viewer.KeyFrameLineWidth: 1
Viewer.GraphLineWidth: 0.9
Viewer.PointSize:2
Viewer.CameraSize: 0.08
Viewer.CameraLineWidth: 3
Viewer.ViewpointX: 0
Viewer.ViewpointY: -0.7
Viewer.ViewpointZ: -1.8
Viewer.ViewpointF: 500

