1.000000000 0.000000000 0.000000000 0.000000000 0.000000000 1.000000000 0.000000000 0.000000000 0.000000000 0.000000000 1.000000000 0.000000000
0.999931812 -0.001266143 -0.011606500 0.000672061 0.001278979 0.999998569 0.001098637 0.000202064 0.011605092 -0.001113407 0.999932051 -0.002244595
0.999781370 -0.003555296 -0.020606263 0.000482714 0.003668345 0.999978423 0.005450859 0.000183164 0.020586435 -0.005525260 0.999772787 -0.002752159
0.999538302 -0.004349152 -0.030069303 -0.000424192 0.004638545 0.999943554 0.009561182 -0.000216632 0.030026020 -0.009696248 0.999502063 -0.001949670
0.999155760 -0.006612025 -0.040546414 -0.001380979 0.007170841 0.999881029 0.013652230 -0.000648107 0.040451314 -0.013931455 0.999084413 -0.001391050
0.998876214 -0.006656808 -0.046924613 -0.002323930 0.007299920 0.999881566 0.013547185 -0.001068586 0.046828870 -0.013874508 0.998806536 -0.000387718
0.998376906 -0.007225635 -0.056492370 -0.003491955 0.008127622 0.999842882 0.015753126 -0.001455292 0.056369670 -0.016186705 0.998278737 0.000481043
0.997972667 -0.006090489 -0.063352160 -0.004913013 0.007174827 0.999831378 0.016902650 -0.001951656 0.063238539 -0.017322926 0.997848034 0.001927206
0.997599661 -0.003752987 -0.069143511 -0.006205827 0.005009789 0.999825180 0.018012287 -0.002349448 0.069063827 -0.018315449 0.997444093 0.003387138
0.997256458 -0.002937183 -0.073965997 -0.006321094 0.004424789 0.999791026 0.019956179 -0.002305806 0.073891930 -0.020228714 0.997061014 0.003108126
0.996850014 -0.003639078 -0.079225801 -0.007194603 0.005406047 0.999741077 0.022099905 -0.002548065 0.079124868 -0.022458587 0.996611774 0.004007902
0.996611834 -0.004469522 -0.082126737 -0.007879352 0.006402898 0.999708176 0.023293104 -0.002932653 0.081998654 -0.023740033 0.996349633 0.004943111
0.996527970 -0.002560885 -0.083219387 -0.008464422 0.004445005 0.999737799 0.022463020 -0.003059177 0.083140023 -0.022754934 0.996278048 0.005561109
0.996242225 0.001308454 -0.086599961 -0.009513713 0.000473294 0.999788761 0.020550752 -0.003437861 0.086608522 -0.020514516 0.996031165 0.006808860
0.995952547 0.002171583 -0.089853697 -0.010389581 -0.000235459 0.999767661 0.021552518 -0.004028461 0.089879595 -0.021444125 0.995721817 0.008113733
0.995588422 0.002949520 -0.093782686 -0.011367077 -0.000975493 0.999777138 0.021087836 -0.004346681 0.093824007 -0.020903321 0.995369256 0.009096643
0.995399952 0.001945096 -0.095787965 -0.012082241 0.000212066 0.999746621 0.022504859 -0.004660220 0.095807470 -0.022421643 0.995147347 0.009948677
0.995135128 0.003383479 -0.098461948 -0.012146399 -0.001185750 0.999749005 0.022370575 -0.004752500 0.098512925 -0.022144986 0.994889319 0.010530466
0.994914055 0.000189543 -0.100727312 -0.012048968 0.002435418 0.999660611 0.025936471 -0.004781725 0.100698031 -0.026049873 0.994575918 0.010006249
0.994702160 0.000739371 -0.102796465 -0.012376918 0.002069376 0.999627411 0.027214056 -0.004728028 0.102778278 -0.027282609 0.994330108 0.009782839
0.994191527 0.001705776 -0.107612059 -0.012776307 0.001203522 0.999635637 0.026964324 -0.004902185 0.107618839 -0.026937215 0.993827283 0.010596977
0.993496895 0.001444082 -0.113850065 -0.014954940 0.001642693 0.999633670 0.027014159 -0.005977329 0.113847360 -0.027025502 0.993130744 0.013119291
0.993107975 0.000163320 -0.117202811 -0.015493477 0.003142423 0.999602497 0.028019989 -0.006302746 0.117160812 -0.028195184 0.992712677 0.014072457
0.992538154 0.001065144 -0.121930003 -0.017229125 0.002412344 0.999594629 0.028369196 -0.007010884 0.121910788 -0.028451640 0.992133200 0.015675019
0.991199851 -0.002035329 -0.132358089 -0.020115595 0.005898316 0.999567926 0.028800366 -0.008390697 0.132242262 -0.029327609 0.990783453 0.018478148
0.989310861 -0.006483685 -0.145677164 -0.024055151 0.010220538 0.999637246 0.024917828 -0.010317900 0.145462751 -0.026140375 0.989018321 0.023393290
0.987295091 -0.005760835 -0.158793107 -0.026319977 0.009948557 0.999622941 0.025589887 -0.011668542 0.158585846 -0.026844531 0.986980140 0.027204119
0.986196041 -0.003688981 -0.165540904 -0.026909422 0.008293377 0.999597490 0.027131658 -0.012073865 0.165374175 -0.028130027 0.985829651 0.028178448
0.983018935 -0.002196319 -0.183491856 -0.030162498 0.007497381 0.999574065 0.028201154 -0.013581437 0.183351785 -0.029097972 0.982616603 0.032104809
0.981382489 -0.000693391 -0.192061946 -0.035106782 0.005610437 0.999670267 0.025058703 -0.015834920 0.191981211 -0.025669722 0.981062829 0.038952414
0.981434405 -0.000883003 -0.191795886 -0.035639901 0.005581763 0.999697328 0.023959842 -0.016071530 0.191716656 -0.024585571 0.981142282 0.039402023
0.982176423 0.001139149 -0.187958106 -0.032650020 0.003260370 0.999727905 0.023096090 -0.014790761 0.187933266 -0.023297245 0.981905401 0.035648562
0.983138800 -0.000175450 -0.182860807 -0.033214066 0.004893951 0.999666572 0.025352847 -0.015059324 0.182795435 -0.025820276 0.982811809 0.036351491
0.984724820 0.001731764 -0.174109280 -0.031395316 0.001894796 0.999784827 0.020660836 -0.014140387 0.174107581 -0.020675141 0.984509528 0.034151174
0.986226976 0.008824746 -0.165161878 -0.029941471 -0.008361509 0.999959052 0.003499829 -0.013437706 0.165185943 -0.002070623 0.986260295 0.032204125
0.986638963 0.011850852 -0.162490055 -0.029154601 -0.012557648 0.999915540 -0.003323388 -0.013298899 0.162436947 0.005319478 0.986704588 0.031248523
0.987456024 -0.003382829 -0.157858729 -0.020712249 -0.003428251 0.999075413 -0.042854432 -0.009013492 0.157857731 0.042858053 0.986531377 0.015530716
0.989329994 0.008093097 -0.145467028 -0.021332586 -0.016265340 0.998349547 -0.055078104 -0.009745130 0.144781172 0.056856494 0.987828732 0.016898062
0.989916861 0.018612381 -0.140421495 -0.017424617 -0.030427150 0.996129215 -0.082466021 -0.006977600 0.138343126 0.085907131 0.986651480 0.013644492
0.990495741 0.023549432 -0.135512426 -0.018497219 -0.036283635 0.995071590 -0.092282452 -0.007778759 0.132671341 0.096322246 0.986468613 0.014610394
0.991801083 0.034771871 -0.122969277 -0.018057574 -0.049264446 0.991926551 -0.116853595 -0.007698704 0.117913276 0.121953547 0.985506833 0.014081757
0.992259979 0.042934194 -0.116519175 -0.017138891 -0.057682119 0.990312517 -0.126308694 -0.007292409 0.109967433 0.132052138 0.985124052 0.013071928
0.992646098 0.044974022 -0.112387925 -0.018008968 -0.060566258 0.988378882 -0.139423177 -0.007781076 0.104811437 0.145204797 0.983834386 0.013859428
0.993027747 0.048911434 -0.107254595 -0.018021295 -0.065172590 0.985953152 -0.153781787 -0.007955546 0.098226324 0.159699619 0.982266545 0.013813810
0.993256152 0.053952854 -0.102621898 -0.017048478 -0.070131540 0.984420955 -0.161235198 -0.007707561 0.092324071 0.167344883 0.981566072 0.012482124
0.993443727 0.058279779 -0.098351344 -0.015250369 -0.075553082 0.980347514 -0.182237461 -0.006918840 0.085797735 0.188473389 0.978323340 0.012635592
0.993782103 0.065412119 -0.090102158 -0.013411712 -0.082531519 0.975950837 -0.201763541 -0.004823860 0.074737497 0.207945332 0.975281000 0.009306832
0.994109213 0.063186347 -0.088058636 -0.016516669 -0.080312297 0.975033522 -0.207025588 -0.007045984 0.072778933 0.212878227 0.974364400 0.014186892
0.994337380 0.066842198 -0.082614534 -0.018199846 -0.083515272 0.972245574 -0.218548968 -0.007224280 0.065713331 0.224210992 0.972322583 0.015613290
0.994162798 0.070869677 -0.081349999 -0.019575549 -0.087418899 0.971028686 -0.222398773 -0.008169330 0.063231856 0.228212088 0.971555948 0.017320171
0.994398773 0.069049425 -0.080019988 -0.020396445 -0.085509457 0.970575154 -0.225104466 -0.008780545 0.062122088 0.230686024 0.971043110 0.018348303
0.994090021 0.077588789 -0.075927876 -0.012056227 -0.093357094 0.967945933 -0.233163416 -0.003723646 0.055403225 0.238873824 0.969468832 0.006594353
0.993639946 0.086248003 -0.072394818 -0.011745689 -0.101559237 0.964102566 -0.245340660 -0.003475955 0.048635896 0.251132607 0.966729939 0.006271021
0.993618786 0.087479703 -0.071198940 -0.010792448 -0.102670766 0.962832272 -0.249825463 -0.002348929 0.046697985 0.255541295 0.965669751 0.004339208
0.993078351 0.093829207 -0.070650719 -0.010392009 -0.109040178 0.960065722 -0.257651091 -0.002156819 0.043654133 0.263571531 0.963651597 0.003674534
0.992936671 0.095817715 -0.069969207 -0.010337630 -0.110920519 0.958999813 -0.260798603 -0.002025885 0.042111333 0.266717494 0.962854326 0.003843169
0.992746174 0.097918175 -0.069765590 -0.011350036 -0.113106869 0.957377672 -0.265771747 -0.002856228 0.040768161 0.271734774 0.961508334 0.005060106
0.992174625 0.105906472 -0.066131525 -0.011300094 -0.120274037 0.952879608 -0.278486133 -0.002678703 0.033521898 0.284260780 0.958160698 0.004709681
0.991869986 0.108585857 -0.066354856 -0.012193820 -0.123008996 0.951687634 -0.281352937 -0.003412160 0.032598138 0.287227780 0.957307458 0.005680685
0.991138220 0.115595758 -0.065441184 -0.010906417 -0.129776701 0.947753489 -0.291412652 -0.002556663 0.028336043 0.297322959 0.954356372 0.004182582
0.990985513 0.116959162 -0.065332286 -0.010862977 -0.131142721 0.946552277 -0.294686764 -0.002647418 0.027374111 0.300598145 0.953357935 0.003950974
0.989646256 0.128322095 -0.064293817 -0.012507560 -0.142074391 0.939428687 -0.311911136 -0.003929394 0.020374376 0.317816317 0.947933376 0.006190283
0.988370657 0.137406245 -0.065138072 -0.011900377 -0.151175916 0.934109926 -0.323395222 -0.003664895 0.016409593 0.329481661 0.944019377 0.005133891
0.987264514 0.144352645 -0.066865370 -0.011859832 -0.158456147 0.929667056 -0.332581878 -0.003364986 0.014153445 0.338941485 0.940700948 0.004969344
0.986978114 0.144528121 -0.070610330 -0.013131871 -0.159960642 0.928088367 -0.336250603 -0.004488576 0.016934954 0.343166977 0.939121723 0.006573917
0.986417413 0.147790298 -0.071684830 -0.012765870 -0.163424790 0.926923633 -0.337794244 -0.004195493 0.016523644 0.344921082 0.938486218 0.006184281
0.984936476 0.155847654 -0.074910589 -0.013758036 -0.172281921 0.921531677 -0.347991884 -0.005165483 0.014798762 0.355655611 0.934499860 0.007857726
0.984822154 0.155806422 -0.076482311 -0.014223384 -0.172982365 0.917188883 -0.358945251 -0.005837131 0.014222743 0.366727263 0.930219769 0.009030731
0.985278904 0.153321385 -0.075616464 -0.013466846 -0.170389712 0.916648328 -0.361556798 -0.004989730 0.013879322 0.369118541 0.929278672 0.007407995
0.984459162 0.158617035 -0.075370364 -0.015415996 -0.175280869 0.913895011 -0.366159201 -0.006359106 0.010801514 0.373679787 0.927494884 0.009656899
0.983601093 0.165150180 -0.072486550 -0.013749695 -0.180289775 0.911351502 -0.370045960 -0.004869411 0.004947568 0.377046138 0.926181257 0.007099559
0.983259380 0.167297333 -0.072197892 -0.014129958 -0.182173401 0.910663009 -0.370817542 -0.005271038 0.003711166 0.377762496 0.925895154 0.007697228
0.982670069 0.170205921 -0.073412769 -0.013993771 -0.185325935 0.910069764 -0.370711952 -0.005200854 0.003713370 0.377892852 0.925841808 0.007597796
0.982356071 0.171708494 -0.074111946 -0.013948909 -0.186980888 0.909820318 -0.370493144 -0.005138312 0.003811726 0.377813697 0.925873816 0.007512013
0.982083857 0.173523754 -0.073488854 -0.013676176 -0.188431203 0.908790648 -0.372281313 -0.005058276 0.002186322 0.379459113 0.925205946 0.007532357
0.982020617 0.174670130 -0.071595252 -0.013955927 -0.188773409 0.907894135 -0.374289840 -0.005158212 -0.000376330 0.381075561 0.924543738 0.007604029
0.982044876 0.174105868 -0.072629601 -0.014025087 -0.188645750 0.908033669 -0.374015480 -0.005357223 0.000831837 0.381001264 0.924574077 0.007845074
0.981646001 0.177224189 -0.070447281 -0.012568608 -0.190694511 0.907073021 -0.375305414 -0.004182677 -0.002612364 0.381851017 0.924220145 0.006168451
0.981110096 0.180389762 -0.069874458 -0.011920470 -0.193398982 0.906336606 -0.375700444 -0.003648202 -0.004442734 0.382117152 0.924103200 0.005608439
0.982180595 0.176292926 -0.065131210 -0.008299702 -0.187874541 0.911881924 -0.364930749 -0.000707345 -0.004942737 0.370664418 0.928753674 0.001463347
0.981220603 0.182851464 -0.061411779 -0.010972278 -0.192631051 0.912467122 -0.360966831 -0.003415577 -0.009967083 0.366017878 0.930554450 0.005066545
0.981048226 0.184144825 -0.060291603 -0.012087380 -0.193465188 0.913643837 -0.357527792 -0.004261253 -0.010751832 0.362416416 0.931954265 0.006486339
0.981818318 0.180410087 -0.059035849 -0.011682605 -0.189591974 0.916628659 -0.351918757 -0.003769689 -0.009375738 0.356712967 0.934166968 0.005949243
0.981686473 0.182035670 -0.056166142 -0.012255625 -0.190095007 0.916738510 -0.351360798 -0.004179993 -0.012470542 0.355602980 0.934553862 0.006586790
0.981807411 0.182757840 -0.051515054 -0.012392411 -0.189153537 0.917669892 -0.349432409 -0.004469648 -0.016587693 0.352819532 0.935544312 0.007141088
0.981512964 0.185016528 -0.049001545 -0.012804989 -0.190387920 0.917567253 -0.349031508 -0.004635940 -0.019614391 0.351908237 0.935828924 0.007392537
0.981656790 0.185022861 -0.046005048 -0.012507881 -0.189550132 0.921162844 -0.339896768 -0.004814802 -0.020510534 0.342382193 0.939336836 0.007574433
0.981456995 0.186471626 -0.044390153 -0.013362115 -0.190394193 0.921556413 -0.338354647 -0.005040675 -0.022185503 0.340532154 0.939971089 0.008857806
0.981942058 0.184457630 -0.042015713 -0.013526711 -0.187773332 0.923233330 -0.335233122 -0.005253516 -0.023046004 0.337068915 0.941197813 0.008854120
0.982208967 0.184113607 -0.036982268 -0.012974211 -0.185784847 0.923976719 -0.334291577 -0.004765286 -0.027376873 0.335214913 0.941743851 0.008314549
0.981276989 0.189883098 -0.032248504 -0.012801039 -0.189545676 0.922361791 -0.336632192 -0.004727368 -0.034175977 0.336441964 0.941083848 0.008257371
0.981227934 0.190487400 -0.030103868 -0.012069444 -0.189333156 0.921836257 -0.338187605 -0.004116534 -0.036669645 0.337538868 0.940597057 0.007337473
0.981248558 0.190988034 -0.025975183 -0.011615098 -0.188397318 0.921893477 -0.338554025 -0.003482164 -0.040713403 0.337099373 0.940588295 0.006475686
0.981737554 0.189153165 -0.020304846 -0.010105537 -0.184712037 0.922223747 -0.339683264 -0.001631391 -0.045526564 0.337230533 0.940320611 0.004024331
0.981800497 0.189410299 -0.013838822 -0.008123315 -0.182608977 0.921503067 -0.342762530 0.001166170 -0.052170221 0.339051425 0.939320266 0.001078422
0.982366800 0.186797798 -0.007876717 -0.006925420 -0.178403214 0.923952341 -0.338355362 0.001909317 -0.055926327 0.333794326 0.940985441 -0.000583285
0.981711626 0.190370262 0.001159687 -0.006256198 -0.178609595 0.923137784 -0.340463370 0.002326235 -0.065884650 0.334029764 0.940257132 -0.001926003
0.982292950 0.187223896 0.006910541 -0.003251276 -0.173540950 0.923164010 -0.343003929 0.005509150 -0.070598103 0.335731119 0.939308584 -0.006239599
0.982025266 0.187983602 0.016978225 -0.001330607 -0.170550644 0.922282636 -0.346853256 0.007467460 -0.080861464 0.337723136 0.937765718 -0.008714281
0.980798900 0.193874016 0.021129113 0.002358385 -0.174452394 0.920617163 -0.349328876 0.010233514 -0.087177627 0.338935435 0.936761916 -0.013266392
0.979883373 0.197212413 0.030591823 0.005710900 -0.173838452 0.918741584 -0.354533613 0.014336402 -0.098024406 0.342083544 0.934542716 -0.018003464
0.979436994 0.198817343 0.034274988 0.006794995 -0.173875734 0.918009341 -0.356407106 0.015415669 -0.102324657 0.343118787 0.933701873 -0.019504903
0.978882909 0.200994074 0.037277989 0.007636847 -0.174711749 0.917264163 -0.357913613 0.015866721 -0.106132291 0.343842596 0.933010280 -0.020375770
0.978222251 0.203248516 0.042084597 0.007522680 -0.174786076 0.916002512 -0.361094534 0.015897837 -0.111941531 0.345874935 0.931579113 -0.020385928
0.977250040 0.206494808 0.048395842 0.008630512 -0.175359190 0.915035725 -0.363261372 0.017041624 -0.119295523 0.346510589 0.930429518 -0.022031028
0.977392554 0.205203980 0.050941199 0.009233442 -0.172769591 0.914021850 -0.367035061 0.017386222 -0.121878423 0.349936277 0.928811133 -0.022534501
0.976149082 0.209088430 0.058437113 0.009247323 -0.172753155 0.911104858 -0.374224901 0.017292479 -0.131488428 0.355204135 0.925494909 -0.022669835
0.977577329 0.201610550 0.060792442 0.010027995 -0.164294779 0.910825849 -0.378686517 0.018192118 -0.131718531 0.360207528 0.923526287 -0.024176965
0.977957487 0.198644459 0.064337440 0.011102204 -0.159404084 0.909283996 -0.384438455 0.021522734 -0.134867564 0.365708798 0.920906007 -0.025741888
0.977957487 0.198644459 0.064337440 0.011102204 -0.159404084 0.909283996 -0.384438455 0.021522734 -0.134867564 0.365708798 0.920906007 -0.025741888
0.977957487 0.198644459 0.064337440 0.011102204 -0.159404084 0.909283996 -0.384438455 0.021522734 -0.134867564 0.365708798 0.920906007 -0.025741888
0.977957487 0.198644459 0.064337440 0.011102204 -0.159404084 0.909283996 -0.384438455 0.021522734 -0.134867564 0.365708798 0.920906007 -0.025741888
0.977957487 0.198644459 0.064337440 0.011102204 -0.159404084 0.909283996 -0.384438455 0.021522734 -0.134867564 0.365708798 0.920906007 -0.025741888
0.977957487 0.198644459 0.064337440 0.011102204 -0.159404084 0.909283996 -0.384438455 0.021522734 -0.134867564 0.365708798 0.920906007 -0.025741888
0.977957487 0.198644459 0.064337440 0.011102204 -0.159404084 0.909283996 -0.384438455 0.021522734 -0.134867564 0.365708798 0.920906007 -0.025741888
0.977957487 0.198644459 0.064337440 0.011102204 -0.159404084 0.909283996 -0.384438455 0.021522734 -0.134867564 0.365708798 0.920906007 -0.025741888
0.977957487 0.198644459 0.064337440 0.011102204 -0.159404084 0.909283996 -0.384438455 0.021522734 -0.134867564 0.365708798 0.920906007 -0.025741888
0.977957487 0.198644459 0.064337440 0.011102204 -0.159404084 0.909283996 -0.384438455 0.021522734 -0.134867564 0.365708798 0.920906007 -0.025741888
0.977957487 0.198644459 0.064337440 0.011102204 -0.159404084 0.909283996 -0.384438455 0.021522734 -0.134867564 0.365708798 0.920906007 -0.025741888
0.977957487 0.198644459 0.064337440 0.011102204 -0.159404084 0.909283996 -0.384438455 0.021522734 -0.134867564 0.365708798 0.920906007 -0.025741888
0.977957487 0.198644459 0.064337440 0.011102204 -0.159404084 0.909283996 -0.384438455 0.021522734 -0.134867564 0.365708798 0.920906007 -0.025741888
0.977957487 0.198644459 0.064337440 0.011102204 -0.159404084 0.909283996 -0.384438455 0.021522734 -0.134867564 0.365708798 0.920906007 -0.025741888
0.977957487 0.198644459 0.064337440 0.011102204 -0.159404084 0.909283996 -0.384438455 0.021522734 -0.134867564 0.365708798 0.920906007 -0.025741888
0.977957487 0.198644459 0.064337440 0.011102204 -0.159404084 0.909283996 -0.384438455 0.021522734 -0.134867564 0.365708798 0.920906007 -0.025741888
0.977957487 0.198644459 0.064337440 0.011102204 -0.159404084 0.909283996 -0.384438455 0.021522734 -0.134867564 0.365708798 0.920906007 -0.025741888
0.977957487 0.198644459 0.064337440 0.011102204 -0.159404084 0.909283996 -0.384438455 0.021522734 -0.134867564 0.365708798 0.920906007 -0.025741888
0.977957487 0.198644459 0.064337440 0.011102204 -0.159404084 0.909283996 -0.384438455 0.021522734 -0.134867564 0.365708798 0.920906007 -0.025741888
0.977957487 0.198644459 0.064337440 0.011102204 -0.159404084 0.909283996 -0.384438455 0.021522734 -0.134867564 0.365708798 0.920906007 -0.025741888
0.977957487 0.198644459 0.064337440 0.011102204 -0.159404084 0.909283996 -0.384438455 0.021522734 -0.134867564 0.365708798 0.920906007 -0.025741888
0.977957487 0.198644459 0.064337440 0.011102204 -0.159404084 0.909283996 -0.384438455 0.021522734 -0.134867564 0.365708798 0.920906007 -0.025741888
0.977957487 0.198644459 0.064337440 0.011102204 -0.159404084 0.909283996 -0.384438455 0.021522734 -0.134867564 0.365708798 0.920906007 -0.025741888
0.977957487 0.198644459 0.064337440 0.011102204 -0.159404084 0.909283996 -0.384438455 0.021522734 -0.134867564 0.365708798 0.920906007 -0.025741888
0.977957487 0.198644459 0.064337440 0.011102204 -0.159404084 0.909283996 -0.384438455 0.021522734 -0.134867564 0.365708798 0.920906007 -0.025741888
0.977957487 0.198644459 0.064337440 0.011102204 -0.159404084 0.909283996 -0.384438455 0.021522734 -0.134867564 0.365708798 0.920906007 -0.025741888
0.977957487 0.198644459 0.064337440 0.011102204 -0.159404084 0.909283996 -0.384438455 0.021522734 -0.134867564 0.365708798 0.920906007 -0.025741888
0.977957487 0.198644459 0.064337440 0.011102204 -0.159404084 0.909283996 -0.384438455 0.021522734 -0.134867564 0.365708798 0.920906007 -0.025741888
0.977957487 0.198644459 0.064337440 0.011102204 -0.159404084 0.909283996 -0.384438455 0.021522734 -0.134867564 0.365708798 0.920906007 -0.025741888
0.977957487 0.198644459 0.064337440 0.011102204 -0.159404084 0.909283996 -0.384438455 0.021522734 -0.134867564 0.365708798 0.920906007 -0.025741888
0.977957487 0.198644459 0.064337440 0.011102204 -0.159404084 0.909283996 -0.384438455 0.021522734 -0.134867564 0.365708798 0.920906007 -0.025741888
0.977957487 0.198644459 0.064337440 0.011102204 -0.159404084 0.909283996 -0.384438455 0.021522734 -0.134867564 0.365708798 0.920906007 -0.025741888
0.977957487 0.198644459 0.064337440 0.011102204 -0.159404084 0.909283996 -0.384438455 0.021522734 -0.134867564 0.365708798 0.920906007 -0.025741888
0.977957487 0.198644459 0.064337440 0.011102204 -0.159404084 0.909283996 -0.384438455 0.021522734 -0.134867564 0.365708798 0.920906007 -0.025741888
0.977957487 0.198644459 0.064337440 0.011102204 -0.159404084 0.909283996 -0.384438455 0.021522734 -0.134867564 0.365708798 0.920906007 -0.025741888
0.977957487 0.198644459 0.064337440 0.011102204 -0.159404084 0.909283996 -0.384438455 0.021522734 -0.134867564 0.365708798 0.920906007 -0.025741888
0.977957487 0.198644459 0.064337440 0.011102204 -0.159404084 0.909283996 -0.384438455 0.021522734 -0.134867564 0.365708798 0.920906007 -0.025741888
0.977957487 0.198644459 0.064337440 0.011102204 -0.159404084 0.909283996 -0.384438455 0.021522734 -0.134867564 0.365708798 0.920906007 -0.025741888
0.977957487 0.198644459 0.064337440 0.011102204 -0.159404084 0.909283996 -0.384438455 0.021522734 -0.134867564 0.365708798 0.920906007 -0.025741888
0.977957487 0.198644459 0.064337440 0.011102204 -0.159404084 0.909283996 -0.384438455 0.021522734 -0.134867564 0.365708798 0.920906007 -0.025741888
0.977957487 0.198644459 0.064337440 0.011102204 -0.159404084 0.909283996 -0.384438455 0.021522734 -0.134867564 0.365708798 0.920906007 -0.025741888
0.977957487 0.198644459 0.064337440 0.011102204 -0.159404084 0.909283996 -0.384438455 0.021522734 -0.134867564 0.365708798 0.920906007 -0.025741888
0.977957487 0.198644459 0.064337440 0.011102204 -0.159404084 0.909283996 -0.384438455 0.021522734 -0.134867564 0.365708798 0.920906007 -0.025741888
0.977957487 0.198644459 0.064337440 0.011102204 -0.159404084 0.909283996 -0.384438455 0.021522734 -0.134867564 0.365708798 0.920906007 -0.025741888
0.977957487 0.198644459 0.064337440 0.011102204 -0.159404084 0.909283996 -0.384438455 0.021522734 -0.134867564 0.365708798 0.920906007 -0.025741888
0.977957487 0.198644459 0.064337440 0.011102204 -0.159404084 0.909283996 -0.384438455 0.021522734 -0.134867564 0.365708798 0.920906007 -0.025741888
0.977957487 0.198644459 0.064337440 0.011102204 -0.159404084 0.909283996 -0.384438455 0.021522734 -0.134867564 0.365708798 0.920906007 -0.025741888
0.977957487 0.198644459 0.064337440 0.011102204 -0.159404084 0.909283996 -0.384438455 0.021522734 -0.134867564 0.365708798 0.920906007 -0.025741888
0.977957487 0.198644459 0.064337440 0.011102204 -0.159404084 0.909283996 -0.384438455 0.021522734 -0.134867564 0.365708798 0.920906007 -0.025741888
0.977957487 0.198644459 0.064337440 0.011102204 -0.159404084 0.909283996 -0.384438455 0.021522734 -0.134867564 0.365708798 0.920906007 -0.025741888
0.977957487 0.198644459 0.064337440 0.011102204 -0.159404084 0.909283996 -0.384438455 0.021522734 -0.134867564 0.365708798 0.920906007 -0.025741888
0.977957487 0.198644459 0.064337440 0.011102204 -0.159404084 0.909283996 -0.384438455 0.021522734 -0.134867564 0.365708798 0.920906007 -0.025741888
0.977957487 0.198644459 0.064337440 0.011102204 -0.159404084 0.909283996 -0.384438455 0.021522734 -0.134867564 0.365708798 0.920906007 -0.025741888
0.977957487 0.198644459 0.064337440 0.011102204 -0.159404084 0.909283996 -0.384438455 0.021522734 -0.134867564 0.365708798 0.920906007 -0.025741888
0.977957487 0.198644459 0.064337440 0.011102204 -0.159404084 0.909283996 -0.384438455 0.021522734 -0.134867564 0.365708798 0.920906007 -0.025741888
0.977957487 0.198644459 0.064337440 0.011102204 -0.159404084 0.909283996 -0.384438455 0.021522734 -0.134867564 0.365708798 0.920906007 -0.025741888
0.977957487 0.198644459 0.064337440 0.011102204 -0.159404084 0.909283996 -0.384438455 0.021522734 -0.134867564 0.365708798 0.920906007 -0.025741888
0.977957487 0.198644459 0.064337440 0.011102204 -0.159404084 0.909283996 -0.384438455 0.021522734 -0.134867564 0.365708798 0.920906007 -0.025741888
0.977957487 0.198644459 0.064337440 0.011102204 -0.159404084 0.909283996 -0.384438455 0.021522734 -0.134867564 0.365708798 0.920906007 -0.025741888
0.977957487 0.198644459 0.064337440 0.011102204 -0.159404084 0.909283996 -0.384438455 0.021522734 -0.134867564 0.365708798 0.920906007 -0.025741888
0.977957487 0.198644459 0.064337440 0.011102204 -0.159404084 0.909283996 -0.384438455 0.021522734 -0.134867564 0.365708798 0.920906007 -0.025741888
0.977957487 0.198644459 0.064337440 0.011102204 -0.159404084 0.909283996 -0.384438455 0.021522734 -0.134867564 0.365708798 0.920906007 -0.025741888
0.977957487 0.198644459 0.064337440 0.011102204 -0.159404084 0.909283996 -0.384438455 0.021522734 -0.134867564 0.365708798 0.920906007 -0.025741888
0.977957487 0.198644459 0.064337440 0.011102204 -0.159404084 0.909283996 -0.384438455 0.021522734 -0.134867564 0.365708798 0.920906007 -0.025741888
0.977957487 0.198644459 0.064337440 0.011102204 -0.159404084 0.909283996 -0.384438455 0.021522734 -0.134867564 0.365708798 0.920906007 -0.025741888
0.977957487 0.198644459 0.064337440 0.011102204 -0.159404084 0.909283996 -0.384438455 0.021522734 -0.134867564 0.365708798 0.920906007 -0.025741888
0.977957487 0.198644459 0.064337440 0.011102204 -0.159404084 0.909283996 -0.384438455 0.021522734 -0.134867564 0.365708798 0.920906007 -0.025741888
0.977957487 0.198644459 0.064337440 0.011102204 -0.159404084 0.909283996 -0.384438455 0.021522734 -0.134867564 0.365708798 0.920906007 -0.025741888
0.977957487 0.198644459 0.064337440 0.011102204 -0.159404084 0.909283996 -0.384438455 0.021522734 -0.134867564 0.365708798 0.920906007 -0.025741888
0.977957487 0.198644459 0.064337440 0.011102204 -0.159404084 0.909283996 -0.384438455 0.021522734 -0.134867564 0.365708798 0.920906007 -0.025741888
0.977957487 0.198644459 0.064337440 0.011102204 -0.159404084 0.909283996 -0.384438455 0.021522734 -0.134867564 0.365708798 0.920906007 -0.025741888
0.977957487 0.198644459 0.064337440 0.011102204 -0.159404084 0.909283996 -0.384438455 0.021522734 -0.134867564 0.365708798 0.920906007 -0.025741888
0.977957487 0.198644459 0.064337440 0.011102204 -0.159404084 0.909283996 -0.384438455 0.021522734 -0.134867564 0.365708798 0.920906007 -0.025741888
0.977957487 0.198644459 0.064337440 0.011102204 -0.159404084 0.909283996 -0.384438455 0.021522734 -0.134867564 0.365708798 0.920906007 -0.025741888
0.977957487 0.198644459 0.064337440 0.011102204 -0.159404084 0.909283996 -0.384438455 0.021522734 -0.134867564 0.365708798 0.920906007 -0.025741888
0.977957487 0.198644459 0.064337440 0.011102204 -0.159404084 0.909283996 -0.384438455 0.021522734 -0.134867564 0.365708798 0.920906007 -0.025741888
0.977957487 0.198644459 0.064337440 0.011102204 -0.159404084 0.909283996 -0.384438455 0.021522734 -0.134867564 0.365708798 0.920906007 -0.025741888
0.977957487 0.198644459 0.064337440 0.011102204 -0.159404084 0.909283996 -0.384438455 0.021522734 -0.134867564 0.365708798 0.920906007 -0.025741888
0.977957487 0.198644459 0.064337440 0.011102204 -0.159404084 0.909283996 -0.384438455 0.021522734 -0.134867564 0.365708798 0.920906007 -0.025741888
0.977957487 0.198644459 0.064337440 0.011102204 -0.159404084 0.909283996 -0.384438455 0.021522734 -0.134867564 0.365708798 0.920906007 -0.025741888
0.977957487 0.198644459 0.064337440 0.011102204 -0.159404084 0.909283996 -0.384438455 0.021522734 -0.134867564 0.365708798 0.920906007 -0.025741888
0.977957487 0.198644459 0.064337440 0.011102204 -0.159404084 0.909283996 -0.384438455 0.021522734 -0.134867564 0.365708798 0.920906007 -0.025741888
0.977957487 0.198644459 0.064337440 0.011102204 -0.159404084 0.909283996 -0.384438455 0.021522734 -0.134867564 0.365708798 0.920906007 -0.025741888
0.977957487 0.198644459 0.064337440 0.011102204 -0.159404084 0.909283996 -0.384438455 0.021522734 -0.134867564 0.365708798 0.920906007 -0.025741888
0.977957487 0.198644459 0.064337440 0.011102204 -0.159404084 0.909283996 -0.384438455 0.021522734 -0.134867564 0.365708798 0.920906007 -0.025741888
0.977957487 0.198644459 0.064337440 0.011102204 -0.159404084 0.909283996 -0.384438455 0.021522734 -0.134867564 0.365708798 0.920906007 -0.025741888
0.977957487 0.198644459 0.064337440 0.011102204 -0.159404084 0.909283996 -0.384438455 0.021522734 -0.134867564 0.365708798 0.920906007 -0.025741888
0.977957487 0.198644459 0.064337440 0.011102204 -0.159404084 0.909283996 -0.384438455 0.021522734 -0.134867564 0.365708798 0.920906007 -0.025741888
0.977957487 0.198644459 0.064337440 0.011102204 -0.159404084 0.909283996 -0.384438455 0.021522734 -0.134867564 0.365708798 0.920906007 -0.025741888
0.977957487 0.198644459 0.064337440 0.011102204 -0.159404084 0.909283996 -0.384438455 0.021522734 -0.134867564 0.365708798 0.920906007 -0.025741888
0.977957487 0.198644459 0.064337440 0.011102204 -0.159404084 0.909283996 -0.384438455 0.021522734 -0.134867564 0.365708798 0.920906007 -0.025741888
0.977957487 0.198644459 0.064337440 0.011102204 -0.159404084 0.909283996 -0.384438455 0.021522734 -0.134867564 0.365708798 0.920906007 -0.025741888
0.977957487 0.198644459 0.064337440 0.011102204 -0.159404084 0.909283996 -0.384438455 0.021522734 -0.134867564 0.365708798 0.920906007 -0.025741888
0.977957487 0.198644459 0.064337440 0.011102204 -0.159404084 0.909283996 -0.384438455 0.021522734 -0.134867564 0.365708798 0.920906007 -0.025741888
0.977957487 0.198644459 0.064337440 0.011102204 -0.159404084 0.909283996 -0.384438455 0.021522734 -0.134867564 0.365708798 0.920906007 -0.025741888
0.977957487 0.198644459 0.064337440 0.011102204 -0.159404084 0.909283996 -0.384438455 0.021522734 -0.134867564 0.365708798 0.920906007 -0.025741888
0.977957487 0.198644459 0.064337440 0.011102204 -0.159404084 0.909283996 -0.384438455 0.021522734 -0.134867564 0.365708798 0.920906007 -0.025741888
0.977957487 0.198644459 0.064337440 0.011102204 -0.159404084 0.909283996 -0.384438455 0.021522734 -0.134867564 0.365708798 0.920906007 -0.025741888
0.977957487 0.198644459 0.064337440 0.011102204 -0.159404084 0.909283996 -0.384438455 0.021522734 -0.134867564 0.365708798 0.920906007 -0.025741888
0.977957487 0.198644459 0.064337440 0.011102204 -0.159404084 0.909283996 -0.384438455 0.021522734 -0.134867564 0.365708798 0.920906007 -0.025741888
0.977957487 0.198644459 0.064337440 0.011102204 -0.159404084 0.909283996 -0.384438455 0.021522734 -0.134867564 0.365708798 0.920906007 -0.025741888
0.977957487 0.198644459 0.064337440 0.011102204 -0.159404084 0.909283996 -0.384438455 0.021522734 -0.134867564 0.365708798 0.920906007 -0.025741888
0.977957487 0.198644459 0.064337440 0.011102204 -0.159404084 0.909283996 -0.384438455 0.021522734 -0.134867564 0.365708798 0.920906007 -0.025741888
0.977957487 0.198644459 0.064337440 0.011102204 -0.159404084 0.909283996 -0.384438455 0.021522734 -0.134867564 0.365708798 0.920906007 -0.025741888
0.977957487 0.198644459 0.064337440 0.011102204 -0.159404084 0.909283996 -0.384438455 0.021522734 -0.134867564 0.365708798 0.920906007 -0.025741888
0.977957487 0.198644459 0.064337440 0.011102204 -0.159404084 0.909283996 -0.384438455 0.021522734 -0.134867564 0.365708798 0.920906007 -0.025741888
0.977957487 0.198644459 0.064337440 0.011102204 -0.159404084 0.909283996 -0.384438455 0.021522734 -0.134867564 0.365708798 0.920906007 -0.025741888
0.977957487 0.198644459 0.064337440 0.011102204 -0.159404084 0.909283996 -0.384438455 0.021522734 -0.134867564 0.365708798 0.920906007 -0.025741888
0.977957487 0.198644459 0.064337440 0.011102204 -0.159404084 0.909283996 -0.384438455 0.021522734 -0.134867564 0.365708798 0.920906007 -0.025741888
0.977957487 0.198644459 0.064337440 0.011102204 -0.159404084 0.909283996 -0.384438455 0.021522734 -0.134867564 0.365708798 0.920906007 -0.025741888
0.977957487 0.198644459 0.064337440 0.011102204 -0.159404084 0.909283996 -0.384438455 0.021522734 -0.134867564 0.365708798 0.920906007 -0.025741888
0.977957487 0.198644459 0.064337440 0.011102204 -0.159404084 0.909283996 -0.384438455 0.021522734 -0.134867564 0.365708798 0.920906007 -0.025741888
0.977957487 0.198644459 0.064337440 0.011102204 -0.159404084 0.909283996 -0.384438455 0.021522734 -0.134867564 0.365708798 0.920906007 -0.025741888
0.977957487 0.198644459 0.064337440 0.011102204 -0.159404084 0.909283996 -0.384438455 0.021522734 -0.134867564 0.365708798 0.920906007 -0.025741888
0.977957487 0.198644459 0.064337440 0.011102204 -0.159404084 0.909283996 -0.384438455 0.021522734 -0.134867564 0.365708798 0.920906007 -0.025741888
0.977957487 0.198644459 0.064337440 0.011102204 -0.159404084 0.909283996 -0.384438455 0.021522734 -0.134867564 0.365708798 0.920906007 -0.025741888
0.977957487 0.198644459 0.064337440 0.011102204 -0.159404084 0.909283996 -0.384438455 0.021522734 -0.134867564 0.365708798 0.920906007 -0.025741888
0.977957487 0.198644459 0.064337440 0.011102204 -0.159404084 0.909283996 -0.384438455 0.021522734 -0.134867564 0.365708798 0.920906007 -0.025741888
0.977957487 0.198644459 0.064337440 0.011102204 -0.159404084 0.909283996 -0.384438455 0.021522734 -0.134867564 0.365708798 0.920906007 -0.025741888
0.977957487 0.198644459 0.064337440 0.011102204 -0.159404084 0.909283996 -0.384438455 0.021522734 -0.134867564 0.365708798 0.920906007 -0.025741888
0.977957487 0.198644459 0.064337440 0.011102204 -0.159404084 0.909283996 -0.384438455 0.021522734 -0.134867564 0.365708798 0.920906007 -0.025741888
0.977957487 0.198644459 0.064337440 0.011102204 -0.159404084 0.909283996 -0.384438455 0.021522734 -0.134867564 0.365708798 0.920906007 -0.025741888
0.977957487 0.198644459 0.064337440 0.011102204 -0.159404084 0.909283996 -0.384438455 0.021522734 -0.134867564 0.365708798 0.920906007 -0.025741888
0.977957487 0.198644459 0.064337440 0.011102204 -0.159404084 0.909283996 -0.384438455 0.021522734 -0.134867564 0.365708798 0.920906007 -0.025741888
0.977957487 0.198644459 0.064337440 0.011102204 -0.159404084 0.909283996 -0.384438455 0.021522734 -0.134867564 0.365708798 0.920906007 -0.025741888
0.977957487 0.198644459 0.064337440 0.011102204 -0.159404084 0.909283996 -0.384438455 0.021522734 -0.134867564 0.365708798 0.920906007 -0.025741888
0.977957487 0.198644459 0.064337440 0.011102204 -0.159404084 0.909283996 -0.384438455 0.021522734 -0.134867564 0.365708798 0.920906007 -0.025741888
0.977957487 0.198644459 0.064337440 0.011102204 -0.159404084 0.909283996 -0.384438455 0.021522734 -0.134867564 0.365708798 0.920906007 -0.025741888
0.977957487 0.198644459 0.064337440 0.011102204 -0.159404084 0.909283996 -0.384438455 0.021522734 -0.134867564 0.365708798 0.920906007 -0.025741888
0.977957487 0.198644459 0.064337440 0.011102204 -0.159404084 0.909283996 -0.384438455 0.021522734 -0.134867564 0.365708798 0.920906007 -0.025741888
0.977957487 0.198644459 0.064337440 0.011102204 -0.159404084 0.909283996 -0.384438455 0.021522734 -0.134867564 0.365708798 0.920906007 -0.025741888
0.977957487 0.198644459 0.064337440 0.011102204 -0.159404084 0.909283996 -0.384438455 0.021522734 -0.134867564 0.365708798 0.920906007 -0.025741888
0.977957487 0.198644459 0.064337440 0.011102204 -0.159404084 0.909283996 -0.384438455 0.021522734 -0.134867564 0.365708798 0.920906007 -0.025741888
0.977957487 0.198644459 0.064337440 0.011102204 -0.159404084 0.909283996 -0.384438455 0.021522734 -0.134867564 0.365708798 0.920906007 -0.025741888
0.977957487 0.198644459 0.064337440 0.011102204 -0.159404084 0.909283996 -0.384438455 0.021522734 -0.134867564 0.365708798 0.920906007 -0.025741888
0.977957487 0.198644459 0.064337440 0.011102204 -0.159404084 0.909283996 -0.384438455 0.021522734 -0.134867564 0.365708798 0.920906007 -0.025741888
0.977957487 0.198644459 0.064337440 0.011102204 -0.159404084 0.909283996 -0.384438455 0.021522734 -0.134867564 0.365708798 0.920906007 -0.025741888
0.977957487 0.198644459 0.064337440 0.011102204 -0.159404084 0.909283996 -0.384438455 0.021522734 -0.134867564 0.365708798 0.920906007 -0.025741888
0.977957487 0.198644459 0.064337440 0.011102204 -0.159404084 0.909283996 -0.384438455 0.021522734 -0.134867564 0.365708798 0.920906007 -0.025741888
0.977957487 0.198644459 0.064337440 0.011102204 -0.159404084 0.909283996 -0.384438455 0.021522734 -0.134867564 0.365708798 0.920906007 -0.025741888
0.977957487 0.198644459 0.064337440 0.011102204 -0.159404084 0.909283996 -0.384438455 0.021522734 -0.134867564 0.365708798 0.920906007 -0.025741888
0.977957487 0.198644459 0.064337440 0.011102204 -0.159404084 0.909283996 -0.384438455 0.021522734 -0.134867564 0.365708798 0.920906007 -0.025741888
0.977957487 0.198644459 0.064337440 0.011102204 -0.159404084 0.909283996 -0.384438455 0.021522734 -0.134867564 0.365708798 0.920906007 -0.025741888
0.977957487 0.198644459 0.064337440 0.011102204 -0.159404084 0.909283996 -0.384438455 0.021522734 -0.134867564 0.365708798 0.920906007 -0.025741888
0.977957487 0.198644459 0.064337440 0.011102204 -0.159404084 0.909283996 -0.384438455 0.021522734 -0.134867564 0.365708798 0.920906007 -0.025741888
0.977957487 0.198644459 0.064337440 0.011102204 -0.159404084 0.909283996 -0.384438455 0.021522734 -0.134867564 0.365708798 0.920906007 -0.025741888
0.977957487 0.198644459 0.064337440 0.011102204 -0.159404084 0.909283996 -0.384438455 0.021522734 -0.134867564 0.365708798 0.920906007 -0.025741888
0.977957487 0.198644459 0.064337440 0.011102204 -0.159404084 0.909283996 -0.384438455 0.021522734 -0.134867564 0.365708798 0.920906007 -0.025741888
0.977957487 0.198644459 0.064337440 0.011102204 -0.159404084 0.909283996 -0.384438455 0.021522734 -0.134867564 0.365708798 0.920906007 -0.025741888
0.977957487 0.198644459 0.064337440 0.011102204 -0.159404084 0.909283996 -0.384438455 0.021522734 -0.134867564 0.365708798 0.920906007 -0.025741888
0.977957487 0.198644459 0.064337440 0.011102204 -0.159404084 0.909283996 -0.384438455 0.021522734 -0.134867564 0.365708798 0.920906007 -0.025741888
0.977957487 0.198644459 0.064337440 0.011102204 -0.159404084 0.909283996 -0.384438455 0.021522734 -0.134867564 0.365708798 0.920906007 -0.025741888
0.977957487 0.198644459 0.064337440 0.011102204 -0.159404084 0.909283996 -0.384438455 0.021522734 -0.134867564 0.365708798 0.920906007 -0.025741888
0.977957487 0.198644459 0.064337440 0.011102204 -0.159404084 0.909283996 -0.384438455 0.021522734 -0.134867564 0.365708798 0.920906007 -0.025741888
0.977957487 0.198644459 0.064337440 0.011102204 -0.159404084 0.909283996 -0.384438455 0.021522734 -0.134867564 0.365708798 0.920906007 -0.025741888
0.977957487 0.198644459 0.064337440 0.011102204 -0.159404084 0.909283996 -0.384438455 0.021522734 -0.134867564 0.365708798 0.920906007 -0.025741888
0.977957487 0.198644459 0.064337440 0.011102204 -0.159404084 0.909283996 -0.384438455 0.021522734 -0.134867564 0.365708798 0.920906007 -0.025741888
0.977957487 0.198644459 0.064337440 0.011102204 -0.159404084 0.909283996 -0.384438455 0.021522734 -0.134867564 0.365708798 0.920906007 -0.025741888
0.977957487 0.198644459 0.064337440 0.011102204 -0.159404084 0.909283996 -0.384438455 0.021522734 -0.134867564 0.365708798 0.920906007 -0.025741888
0.977957487 0.198644459 0.064337440 0.011102204 -0.159404084 0.909283996 -0.384438455 0.021522734 -0.134867564 0.365708798 0.920906007 -0.025741888
0.977957487 0.198644459 0.064337440 0.011102204 -0.159404084 0.909283996 -0.384438455 0.021522734 -0.134867564 0.365708798 0.920906007 -0.025741888
